acc: 0.6399999999999999
f1-score: 0.6384840016028601
cm: [[0.62 0.38]
 [0.34 0.66]]
