acc: 0.8700000000000001
f1-score: 0.8688302345416359
cm: [[0.88 0.12]
 [0.14 0.86]]
