acc: 0.7200000000000001
f1-score: 0.7185021124461157
cm: [[0.68 0.32]
 [0.24 0.76]]
