acc: 0.9099999999999999
f1-score: 0.9094706463127515
cm: [[0.92 0.08]
 [0.1  0.9 ]]
