acc: 0.6300000000000001
f1-score: 0.623084203766799
cm: [[0.65 0.35]
 [0.39 0.61]]
