acc: 0.8099999999999999
f1-score: 0.8092200197463354
cm: [[0.81 0.19]
 [0.19 0.81]]
