acc: 0.8950000000000001
f1-score: 0.894559125085441
cm: [[0.87 0.13]
 [0.08 0.92]]
