acc: 0.9099999999999999
f1-score: 0.909874686716792
cm: [[0.93 0.07]
 [0.11 0.89]]
