acc: 0.7849999999999999
f1-score: 0.783115846366284
cm: [[0.76 0.24]
 [0.19 0.81]]
