acc: 0.8300000000000001
f1-score: 0.8276827927273815
cm: [[0.85 0.15]
 [0.19 0.81]]
