acc: 0.6000000000000001
f1-score: 0.5918755974062879
cm: [[0.61 0.39]
 [0.41 0.59]]
