acc: 0.6900000000000001
f1-score: 0.6855471872543484
cm: [[0.7  0.3 ]
 [0.32 0.68]]
