acc: 0.6950000000000001
f1-score: 0.6937275005696057
cm: [[0.71 0.29]
 [0.32 0.68]]
