acc: 0.6649999999999999
f1-score: 0.6613021415139804
cm: [[0.69 0.31]
 [0.36 0.64]]
