acc: 0.7999999999999999
f1-score: 0.798403439040133
cm: [[0.79 0.21]
 [0.19 0.81]]
