acc: 0.6100000000000001
f1-score: 0.6044796454050727
cm: [[0.63 0.37]
 [0.41 0.59]]
