acc: 0.8149999999999998
f1-score: 0.8134493430546061
cm: [[0.81 0.19]
 [0.18 0.82]]
