acc: 0.9149999999999998
f1-score: 0.9148363332573858
cm: [[0.92 0.08]
 [0.09 0.91]]
