acc: 0.6449999999999999
f1-score: 0.6379728867623603
cm: [[0.69 0.31]
 [0.4  0.6 ]]
