acc: 0.8200000000000001
f1-score: 0.8185029301922558
cm: [[0.83 0.17]
 [0.19 0.81]]
