acc: 0.9299999999999999
f1-score: 0.9297227918280548
cm: [[0.95 0.05]
 [0.09 0.91]]
