acc: 0.7849999999999999
f1-score: 0.7808163476194168
cm: [[0.82 0.18]
 [0.25 0.75]]
