acc: 0.7299999999999999
f1-score: 0.72514074304571
cm: [[0.75 0.25]
 [0.29 0.71]]
