acc: 0.6599999999999999
f1-score: 0.6508388113583969
cm: [[0.69 0.31]
 [0.37 0.63]]
