acc: 0.6599999999999999
f1-score: 0.6560211726324258
cm: [[0.66 0.34]
 [0.34 0.66]]
