acc: 0.5549999999999999
f1-score: 0.5497492048341422
cm: [[0.59 0.41]
 [0.48 0.52]]
