acc: 0.7500000000000001
f1-score: 0.7472752989969305
cm: [[0.76 0.24]
 [0.26 0.74]]
