acc: 0.8400000000000001
f1-score: 0.8390673653831551
cm: [[0.87 0.13]
 [0.19 0.81]]
