acc: 0.8699999999999999
f1-score: 0.8694416988763469
cm: [[0.89 0.11]
 [0.15 0.85]]
