acc: 0.9599999999999997
f1-score: 0.9598238019290649
cm: [[0.96 0.04]
 [0.04 0.96]]
